0, 267001359
1, -2089591923
2, -1833546554
3, -1591699036
4, -1369481399
5, -1171883700
6, -1003344304
7, -867647648
8, -767841471
9, -706166900
10, -684008849
11, -701865093
12, -759335334
13, -855127513
14, -987090356
15, -1152260178
16, -1346928597
17, -1566722982
18, -1806707453
19, -2061492442
20, 1969610505
21, 1702593226
22, 1438419555
23, 1183022432
24, 942136765
25, 721172680
26, 525092890
27, 358300453
28, 224541590
29, 126819706
30, 67330376
31, 47408985
32, 67503599
33, 127162346
34, 225045006
35, 358953474
36, 525879676
37, 722075292
38, 943134043
39, 1184091648
40, 1439536723
41, 1703733343
42, 1970747877
43, -2060383161
44, -1805651180
45, -1565744011
46, -1346049635
47, -1151501061
48, -986467883
49, -854656837
50, -759027707
51, -701728358
52, -684045402
53, -706376342
54, -768219903
55, -868185806
56, -1004029472
57, -1172699687
58, -1370409575
59, -1592718665
60, -1834634428
61, -2090723835
62, 1939731551
63, 1672736745
64, 1409255614
65, 1155205963
66, 916292764
67, 697881386
68, 504876817
69, 341613882
70, 211759583
71, 118229907
72, 63125813
73, 47684019
74, 72251388
75, 136276283
76, 238320420
77, 376091700
78, 546496085
79, 745707250
80, 969251669
81, 1212108907
82, 1468824822
83, 1733634270
84, 2000590245
85, -2031269919
86, -1777920819
87, -1540018736
88, -1322907012
89, -1131461247
90, -969981164
91, -842093586
92, -750670472
93, -697764758
94, -684564192
95, -711365837
96, -777567688
97, -881681723
98, -1021370650
99, -1193496674
100, -1394194455
101, -1618956911
102, -1862737108
103, -2120060207
104, 1909819804
105, 1642922448
106, 1380208743
107, 1127578677
108, 890705805
109, 674909211
110, 485035761
111, 325349765
112, 199437783
113, 110127547
114, 59424786
115, 48468306
116, 77503461
117, 145878922
118, 252057820
119, 393655644
120, 567492201
121, 769664198
122, 995631098
123, 1240317944
124, 1498229592
125, 1763574370
126, 2030393644
127, -2002272679
128, -1750380512
129, -1514553881
130, -1300089060
131, -1111802795
132, -953923659
133, -829997651
134, -742807069
135, -694310492
136, -685597578
137, -716863972
138, -787407080
139, -895642341
140, -1039138363
141, -1214672791
142, -1418303863
143, -1645458104
144, -1891034731
145, 2145448630
146, 1879861853
147, 1613137174
148, 1351264933
149, 1100125641
150, 865359842
151, 652239805
152, 465552024
153, 309489080
154, 187556208
155, 102491074
156, 56204778
157, 49736894
158, 83232352
159, 155939332
160, 266223821
161, 411609545
162, 588831171
163, 793908690
164, 1022236807
165, 1268688217
166, 1527728219
167, 1793538956
168, 2060150749
169, -1973391319
170, -1723023886
171, -1489337172
172, -1277578886
173, -1092504730
174, -938270947
175, -818341715
176, -735409849
177, -691337820
178, -687116030
179, -722839649
180, -797705651
181, -910032531
182, -1057297450
183, -1236193181
184, -1442701771
185, -1672185628
186, -1919491521
187, 2115901668
188, 1849888945
189, 1583411684
190, 1322454148
191, 1072876705
192, 840284274
193, 629900836
194, 446451002
195, 294054440
196, 176134252
197, 95338260
198, 53481377
199, 51503662
200, 89449579
201, 166467192
202, 280825815
203, 429957299
204, 610512973
205, 818438223
206, 1049063439
207, 1297209607
208, 1557303077
209, 1823503673
210, 2089832383
211, -1944658840
212, -1695885718
213, -1464402112
214, -1255406776
215, -1073592936
216, -923044401
217, -807141774
218, -728487873
219, -688849749
220, -689117180
221, -729284889
222, -808450858
223, -924836131
224, -1075826198
225, -1258031112
226, -1467358869
227, -1699108209
228, -1948074894
229, 2086299401
230, 1819932241
231, 1553773378
232, 1293799417
233, 1045849179
234, 815491471
235, 607899586
236, 427736156
237, 279046809
238, 165171399
239, 88667307
240, 51252712
241, 53767005
242, 96154147
243, 177461320
244, 295862649
245, 448699636
246, 632539351
247, 843253728
248, 1076110197
249, 1325879545
250, 1586952777
251, 1853467059
252, 2119436768
253, -1916078392
254, -1668970524
255, -1439756519
256, -1233583666
257, -1055082514
258, -908261425
259, -796418316
260, -722065059
261, -686870967
262, -691627098
263, -736226730
264, -819667175
265, -940074778
266, -1094745290
267, -1280205068
268, -1492289314
269, -1726235361
270, -1976789511
271, 2056643097
272, 1790000957
273, 1524239575
274, 1265327092
275, 1019078832
276, 791024809
277, 586287055
278, 409462821
279, 264523688
280, 154724471
281, 82531438
282, 49565642
283, 56567643
284, 103379987
285, 188950306
286, 311357273
287, 467852058
288, 654920512
289, 868361354
290, 1103381298
291, 1354702552
292, 1616680398
293, 1883432048
294, -2146000326
295, -1887645821
296, -1642273308
297, -1415393849
298, -1212102924
299, -1036966057
300, -893915832
301, -786165642
302, -716135015
303, -685396836
304, -694641203
305, -743661131
306, -831354488
307, -955752393
308, -1114060609
309, -1302723762
310, -1517505421
311, -1753582019
312, -2005651913
313, 2026912533
314, 1760069966
315, 1494779955
316, 1237000523
317, 992520929
318, 766831894
319, 565001994
320, 391563878
321, 250413006
322, 144719289
323, 76856204
324, 48348374
325, 59836324
326, 111061374
327, 200872856
328, 327253326
329, 487364333
330, 677610635
331, 893719890
332, 1130838569
333, 1383641649
334, 1646452395
335, 1913368658
336, -2116571466
337, -1859385131
338, -1615815322
339, -1391332041
340, -1190977424
341, -1019250753
342, -880008922
343, -776378945
344, -710688209
345, -684411950
346, -698140119
347, -751564563
348, -843484221
349, -971835426
350, -1133735912
351, -1325549709
352, -1542968921
353, -1781110433
354, -2034626288
355, 1997143492
356, 1730175035
357, 1465431295
358, 1208858434
359, 966218118
360, 742960307
361, 544098435
362, 374099169
363, 236779668
364, 135223939
365, 71713086
366, 47673797
367, 63645487
368, 119269314
369, 213295818
370, 343613322
371, 507295705
372, 700666482
373, 919383598
374, 1158534640
375, 1412748844
376, 1676317922
377, 1943322081
378, -2087202245
379, -1831259513
380, -1589564272
381, -1367544976
382, -1170188049
383, -1001925288
384, -866535880
385, -767060633
386, -705733203
387, -683931645
388, -702145656
389, -759965846
390, -856092426
391, -988366724
392, -1153818993
393, -1348733617
394, -1568733525
395, -1808877477
396, -2063772448
397, 1967273350
398, 1700251908
399, 1436127049
400, 1180831465
401, 940098448
402, 719333543
403, 523494826
404, 356980762
405, 223531140
406, 126143188
407, 67003936
408, 47441698
409, 67895429
410, 127906269
411, 226125205
412, 360346696
413, 527556727
414, 723999702
415, 945263912
416, 1186380581
417, 1441934862
418, 1706187678
419, 1973204279
420, -2057978704
421, -1803351363
422, -1563599024
423, -1344105894
424, -1149801273
425, -985049095
426, -853549583
427, -758255341
428, -701306677
429, -683983107
430, -706673014
431, -768867030
432, -869168085
433, -1005323040
434, -1174274774
435, -1372229193
436, -1594740445
437, -1836811583
438, -2093006363
439, 1937395907
440, 1670402295
441, 1406976334
442, 1153034441
443, 914279008
444, 696072678
445, 503315654
446, 340337005
447, 210797161
448, 117604850
449, 62853429
450, 47772617
451, 72701107
452, 137079073
453, 239459404
454, 377543549
455, 548230510
456, 747686736
457, 971433304
458, 1214445361
459, 1471265560
460, 1736126525
461, 2003079237
462, -2028838740
463, -1775600406
464, -1537860368
465, -1320957169
466, -1129762544
467, -968570383
468, -841000044
469, -749917165
470, -697367014
471, -684530291
472, -711694829
473, -778250448
474, -882702115
475, -1022703908
476, -1195112090
477, -1396054095
478, -1621017468
479, -1864950884
480, -2122375209
481, 1907457540
482, 1640566672
483, 1377913910
484, 1125397728
485, 888688962
486, 673103834
487, 483484272
488, 324088692
489, 198496127
490, 109527944
491, 59182168
492, 48589539
493, 77988179
494, 146717550
495, 253232796
496, 395141973
497, 569258973
498, 771673322
499, 997839151
500, 1242677155
501, 1500688912
502, 1766080617
503, 2032891725
504, -1999837520
505, -1748061321
506, -1512401909
507, -1298151614
508, -1110122178
509, -952536207
510, -828933093
511, -742088650
