##### - Notes
12_0 903
38_0 832
29_0 567
42_8 736
6_0 103
1_1 200
50_0 213
44_0 550
42_3 736
13_0 955
21_0 91
28_0 923
42_7 736
42_6 736
42_5 736
42_4 736
56_0 467
61_0 370
52_0 605
1_2 500
8_0 910
1_0 100
45_0 752
58_0 278
7_0 142
42_11 736
11_0 194
35_5 141
3_0 100
57_0 739
32_0 844
16_0 632
35_0 141
35_3 141
35_2 141
2_0 100
2_1 700
49_0 494
17_0 908
18_0 936
9_0 354
42_2 736
5_0 265
55_0 107
39_0 284
4_0 356
42_10 736
34_0 811
42_1 736
27_0 194
31_0 961
36_0 813
42_0 736
46_0 615
51_0 719
35_4 141
26_0 644
14_0 748
37_0 941
60_0 399
43_0 134
59_0 989
53_0 377
25_0 782
19_0 104
30_0 331
30_1 331
30_2 331
48_0 230
42_9 736
24_0 285
23_0 255
40_0 917
15_0 564
33_0 842
35_1 141
22_0 357
47_0 614
54_0 103
20_0 723
10_0 250
41_0 634
##### - Interval
11 1000
10 1000
13 1000
12 1000
15 1000
14 1000
17 1000
16 1000
19 1000
18 1000
1 1000
0 1000
3 1000
2 1000
5 1000
4 1000
7 1000
6 1000
9 1000
8 1000
##### - Limits
0 5
##### - UnaryI
12_0 10 12 1 7 
29_0 1 7 
6_0 10 12 1 7 
1_1 1 2 3 4 10 12 1 7 
13_0 10 12 1 7 
21_0 10 12 1 7 
28_0 1 7 
5_0 10 12 1 7 
1_2 1 2 3 4 10 12 1 7 
8_0 10 12 1 7 
1_0 1 2 3 4 10 12 1 7 
7_0 10 12 1 7 
11_0 10 12 1 7 
3_0 3 4 10 12 1 7 
32_0 1 7 
16_0 10 12 1 7 
2_0 2 3 4 10 12 1 7 
2_1 2 3 4 10 12 1 7 
17_0 10 12 1 7 
18_0 10 12 1 7 
9_0 10 12 1 7 
15_0 10 12 1 7 
4_0 10 12 1 7 
27_0 1 7 
31_0 1 7 
26_0 1 7 
14_0 10 12 1 7 
25_0 1 7 
19_0 10 12 1 7 
30_0 1 7 
30_1 1 7 
30_2 1 7 
24_0 1 7 
23_0 1 7 
22_0 10 12 1 7 
20_0 10 12 1 7 
10_0 10 12 1 7 
##### - UnaryE
12_0 5 15 3 10 11 3 2 5 
29_0 11 3 2 5 
6_0 3 4 5 15 5 15 3 10 11 3 2 5 
1_1 3 4 5 15 5 15 3 10 11 3 2 5 
13_0 5 15 3 10 11 3 2 5 
21_0 3 10 11 3 2 5 
28_0 11 3 2 5 
5_0 3 4 5 15 5 15 3 10 11 3 2 5 
1_2 3 4 5 15 5 15 3 10 11 3 2 5 
8_0 5 15 3 10 11 3 2 5 
1_0 3 4 5 15 5 15 3 10 11 3 2 5 
7_0 5 15 5 15 3 10 11 3 2 5 
11_0 5 15 3 10 11 3 2 5 
3_0 3 4 5 15 5 15 3 10 11 3 2 5 
32_0 3 2 5 
16_0 5 15 3 10 11 3 2 5 
2_0 3 4 5 15 5 15 3 10 11 3 2 5 
2_1 3 4 5 15 5 15 3 10 11 3 2 5 
17_0 5 15 3 10 11 3 2 5 
18_0 3 10 11 3 2 5 
9_0 5 15 3 10 11 3 2 5 
15_0 5 15 3 10 11 3 2 5 
4_0 3 4 5 15 5 15 3 10 11 3 2 5 
34_0 2 5 
27_0 11 3 2 5 
31_0 3 2 5 
26_0 3 10 11 3 2 5 
14_0 5 15 3 10 11 3 2 5 
25_0 3 10 11 3 2 5 
19_0 3 10 11 3 2 5 
30_0 11 3 2 5 
30_1 11 3 2 5 
30_2 11 3 2 5 
24_0 3 10 11 3 2 5 
23_0 3 10 11 3 2 5 
33_0 2 5 
22_0 3 10 11 3 2 5 
20_0 3 10 11 3 2 5 
10_0 5 15 3 10 11 3 2 5 
##### - BinE
##### - BinNE
##### - BinS
